1
31
28 0 0 0 1 500
28 0 1 0 1 500
28 0 2 0 1 500
28 0 3 0 1 500
28 0 4 0 1 500
28 0 5 0 1 500
28 0 6 0 1 500
28 0 7 0 1 500
28 0 8 0 1 500
28 0 9 0 1 500
28 0 10 0 1 500
28 0 11 0 1 500
28 0 12 0 1 500
28 0 14 0 1 500
28 0 16 0 1 500
28 0 17 0 1 500
28 0 18 0 1 500
28 0 19 0 1 500
28 0 20 0 1 500
28 0 21 0 1 500
28 0 22 0 1 500
28 0 23 0 1 500
28 0 24 0 1 500
28 0 25 0 1 500
28 0 26 0 1 500
28 0 27 0 1 500
28 0 29 0 1 500
28 0 30 0 1 500
28 0 31 0 1 500
28 0 32 0 1 500
28 0 33 0 1 500
28 0 37 0 1 500
28 0 38 0 1 500
28 0 39 0 1 500